 1000000	  2000  	 1.000000000000000000e+01 	5.000000000000000104e-03 	 2 	 5.928405879903018558e+02 
 2000000	  1000  	 7.000000000000000000e+00 	7.000000000000000146e-03 	 2 	 7.815556934246671972e+01 
 3000000	  666  	 7.000000000000000000e+00 	1.051051051051051129e-02 	 2 	 1.106992204552668682e+03 
 4000000	  500  	 7.000000000000000000e+00 	1.400000000000000029e-02 	 2 	 5.674046366474428282e+00 
 5000000	  400  	 6.000000000000000000e+00 	1.499999999999999944e-02 	 2 	 -3.568097575774708048e+02 
 6000000	  333  	 6.000000000000000000e+00 	1.801801801801801786e-02 	 2 	 -7.577800138347075745e+02 
 7000000	  285  	 6.000000000000000000e+00 	2.105263157894736795e-02 	 2 	 -1.233938162871425988e+02 
 8000000	  250  	 6.000000000000000000e+00 	2.400000000000000050e-02 	 2 	 6.171184475692061824e+02 
 9000000	  222  	 6.000000000000000000e+00 	2.702702702702702853e-02 	 2 	 -1.257055221923877980e+03 
 10000000	  200  	 7.000000000000000000e+00 	3.500000000000000333e-02 	 2 	 -1.190015262924490798e+03 
 11000000	  181  	 6.000000000000000000e+00 	3.314917127071823066e-02 	 2 	 1.725498733122084332e+03 
 12000000	  166  	 8.000000000000000000e+00 	4.819277108433735191e-02 	 2 	 8.916784265679791588e+02 
 13000000	  153  	 7.000000000000000000e+00 	4.575163398692810163e-02 	 2 	 -1.345733748170529680e+03 
 14000000	  142  	 7.000000000000000000e+00 	4.929577464788732072e-02 	 2 	 -1.583644734173508596e+03 
 15000000	  133  	 7.000000000000000000e+00 	5.263157894736841813e-02 	 2 	 -8.508499460554960478e+02 
 16000000	  125  	 7.000000000000000000e+00 	5.600000000000000117e-02 	 2 	 1.912520325798589511e+03 
 17000000	  117  	 7.000000000000000000e+00 	5.982905982905983161e-02 	 2 	 1.715079559840989418e+02 
 18000000	  111  	 7.000000000000000000e+00 	6.306306306306305731e-02 	 2 	 5.985773724671075797e+02 
 19000000	  105  	 7.000000000000000000e+00 	6.666666666666666574e-02 	 2 	 -1.762872984481409503e+03 
 20000000	  100  	 6.000000000000000000e+00 	5.999999999999999778e-02 	 2 	 3.212621873241621415e+02 
 21000000	  95  	 7.000000000000000000e+00 	7.368421052631578261e-02 	 2 	 -2.945497134057391577e+03 
 22000000	  90  	 7.000000000000000000e+00 	7.777777777777777901e-02 	 2 	 -9.100213386258880064e+02 
 23000000	  86  	 7.000000000000000000e+00 	8.139534883720930813e-02 	 2 	 -1.502434565475603222e+03 
 24000000	  83  	 6.000000000000000000e+00 	7.228915662650602092e-02 	 2 	 6.168593706618615215e+03 
 25000000	  80  	 6.000000000000000000e+00 	7.499999999999999722e-02 	 2 	 2.504484679330361814e+03 
 26000000	  76  	 6.000000000000000000e+00 	7.894736842105262720e-02 	 2 	 -2.375164663346310590e+03 
 27000000	  74  	 7.000000000000000000e+00 	9.459459459459459985e-02 	 2 	 2.056105190707706853e+01 
 28000000	  71  	 7.000000000000000000e+00 	9.859154929577464144e-02 	 2 	 -3.318159474572698855e+03 
 29000000	  68  	 6.000000000000000000e+00 	8.823529411764706454e-02 	 2 	 8.758744589643060863e+01 
 30000000	  66  	 6.000000000000000000e+00 	9.090909090909091161e-02 	 2 	 2.044955348010616717e+03 
 31000000	  64  	 6.000000000000000000e+00 	9.375000000000000000e-02 	 2 	 2.304270581840952673e+03 
 32000000	  62  	 7.000000000000000000e+00 	1.129032258064516098e-01 	 2 	 3.264831418743048630e+02 
 33000000	  60  	 7.000000000000000000e+00 	1.166666666666666685e-01 	 2 	 3.533864786641088813e+03 
 34000000	  58  	 6.000000000000000000e+00 	1.034482758620689641e-01 	 2 	 -1.218014586157211397e+03 
 35000000	  57  	 6.000000000000000000e+00 	1.052631578947368363e-01 	 2 	 -3.540803086966211140e+03 
 36000000	  55  	 6.000000000000000000e+00 	1.090909090909090856e-01 	 2 	 -4.760922098851206670e+02 
 37000000	  54  	 7.000000000000000000e+00 	1.296296296296296224e-01 	 2 	 1.137586596162401747e+03 
 38000000	  52  	 6.000000000000000000e+00 	1.153846153846153910e-01 	 2 	 8.465443450508756769e+02 
 39000000	  51  	 6.000000000000000000e+00 	1.176470588235294101e-01 	 2 	 -5.981546203416563685e+02 
 40000000	  50  	 7.000000000000000000e+00 	1.400000000000000133e-01 	 2 	 -6.738226307174494423e+02 
 41000000	  48  	 6.000000000000000000e+00 	1.250000000000000000e-01 	 2 	 1.115300003302486630e+03 
 42000000	  47  	 6.000000000000000000e+00 	1.276595744680850963e-01 	 2 	 9.418882244433732467e+02 
 43000000	  46  	 6.000000000000000000e+00 	1.304347826086956486e-01 	 2 	 8.836210253684141662e+02 
 44000000	  45  	 6.000000000000000000e+00 	1.333333333333333315e-01 	 2 	 -2.334387029829999392e+03 
 45000000	  44  	 6.000000000000000000e+00 	1.363636363636363535e-01 	 2 	 2.969470483190294999e+03 
 46000000	  43  	 6.000000000000000000e+00 	1.395348837209302306e-01 	 2 	 -6.877821422463173803e+03 
 47000000	  42  	 6.000000000000000000e+00 	1.428571428571428492e-01 	 2 	 -9.354503060883414491e+02 
 48000000	  41  	 6.000000000000000000e+00 	1.463414634146341375e-01 	 2 	 -2.177573198432734898e+03 
 49000000	  40  	 6.000000000000000000e+00 	1.499999999999999944e-01 	 2 	 -3.803817469554248419e+03 
 50000000	  40  	 6.000000000000000000e+00 	1.499999999999999944e-01 	 2 	 6.244905090484996890e+02 
 51000000	  39  	 6.000000000000000000e+00 	1.538461538461538547e-01 	 2 	 -5.347407449491607849e+02 
 52000000	  38  	 6.000000000000000000e+00 	1.578947368421052544e-01 	 2 	 3.178849083518215593e+03 
 53000000	  37  	 6.000000000000000000e+00 	1.621621621621621712e-01 	 2 	 4.008687832829300078e+03 
 54000000	  37  	 6.000000000000000000e+00 	1.621621621621621712e-01 	 2 	 -7.092915983870661876e+03 
 55000000	  36  	 6.000000000000000000e+00 	1.666666666666666574e-01 	 2 	 3.196121615844379448e+03 
 56000000	  35  	 6.000000000000000000e+00 	1.714285714285714302e-01 	 2 	 -3.848527351782070127e+03 
 57000000	  35  	 6.000000000000000000e+00 	1.714285714285714302e-01 	 2 	 -2.804223732658381323e+03 
 58000000	  34  	 6.000000000000000000e+00 	1.764705882352941291e-01 	 2 	 3.584911504094458905e+03 
 59000000	  33  	 6.000000000000000000e+00 	1.818181818181818232e-01 	 2 	 -4.642110892609601933e+02 
 60000000	  33  	 6.000000000000000000e+00 	1.818181818181818232e-01 	 2 	 -2.659735708004072876e+03 
 61000000	  32  	 6.000000000000000000e+00 	1.875000000000000000e-01 	 2 	 -3.924224437379080882e+03 
 62000000	  32  	 6.000000000000000000e+00 	1.875000000000000000e-01 	 2 	 -1.785363997321368970e+03 
 63000000	  31  	 5.000000000000000000e+00 	1.612903225806451568e-01 	 2 	 -2.220751777330292043e+03 
 64000000	  31  	 6.000000000000000000e+00 	1.935483870967741882e-01 	 2 	 2.311344657130643554e+03 
 65000000	  30  	 6.000000000000000000e+00 	2.000000000000000111e-01 	 2 	 1.397952690436368130e+03 
 66000000	  30  	 6.000000000000000000e+00 	2.000000000000000111e-01 	 2 	 2.329752520192848806e+03 
 67000000	  29  	 5.000000000000000000e+00 	1.724137931034482873e-01 	 2 	 -4.262150334611535072e+03 
 68000000	  29  	 6.000000000000000000e+00 	2.068965517241379282e-01 	 2 	 -2.207424650149957870e+03 
 69000000	  28  	 6.000000000000000000e+00 	2.142857142857142738e-01 	 2 	 -3.172113559503411011e+02 
 70000000	  28  	 6.000000000000000000e+00 	2.142857142857142738e-01 	 2 	 -1.308774416502335271e+03 
 71000000	  28  	 6.000000000000000000e+00 	2.142857142857142738e-01 	 2 	 7.745444559175473387e+01 
 72000000	  27  	 6.000000000000000000e+00 	2.222222222222222099e-01 	 2 	 -6.516462810055641057e+03 
 73000000	  27  	 6.000000000000000000e+00 	2.222222222222222099e-01 	 2 	 -7.230062637058384780e+02 
 74000000	  27  	 6.000000000000000000e+00 	2.222222222222222099e-01 	 2 	 1.361837460344142755e+03 
 75000000	  26  	 6.000000000000000000e+00 	2.307692307692307820e-01 	 2 	 -1.274949491732290880e+03 
 76000000	  26  	 6.000000000000000000e+00 	2.307692307692307820e-01 	 2 	 -1.988066710916254124e+03 
 77000000	  25  	 6.000000000000000000e+00 	2.399999999999999911e-01 	 2 	 -1.625766574283723457e+03 
 78000000	  25  	 6.000000000000000000e+00 	2.399999999999999911e-01 	 2 	 -6.586936061118131875e+03 
 79000000	  25  	 6.000000000000000000e+00 	2.399999999999999911e-01 	 2 	 -5.531080099260378802e+02 
 80000000	  25  	 6.000000000000000000e+00 	2.399999999999999911e-01 	 2 	 4.890675175003650111e+03 
