 1000000	  2000  	 6.00000000000000000e+00 	3.00000000000000006e-03 	 2 	 5.92840587990301856e+02 
 2000000	  1000  	 7.00000000000000000e+00 	7.00000000000000015e-03 	 2 	 7.81555693424667197e+01 
 3000000	  666  	 6.00000000000000000e+00 	9.00900900900900893e-03 	 2 	 1.10699220455266868e+03 
 4000000	  500  	 7.00000000000000000e+00 	1.40000000000000003e-02 	 2 	 5.67404636647442828e+00 
 5000000	  400  	 6.00000000000000000e+00 	1.49999999999999994e-02 	 2 	 -3.56809757577470805e+02 
 6000000	  333  	 7.00000000000000000e+00 	2.10210210210210226e-02 	 2 	 -7.57780013834707574e+02 
 7000000	  285  	 6.00000000000000000e+00 	2.10526315789473679e-02 	 2 	 -1.23393816287142599e+02 
 8000000	  250  	 6.00000000000000000e+00 	2.40000000000000005e-02 	 2 	 6.17118447569206182e+02 
 9000000	  222  	 7.00000000000000000e+00 	3.15315315315315287e-02 	 2 	 -1.25705522192387798e+03 
 10000000	  200  	 6.00000000000000000e+00 	2.99999999999999989e-02 	 2 	 -1.19001526292449080e+03 
 11000000	  181  	 6.00000000000000000e+00 	3.31491712707182307e-02 	 2 	 1.72549873312208433e+03 
 12000000	  166  	 7.00000000000000000e+00 	4.21686746987951777e-02 	 2 	 8.91678426567979159e+02 
 13000000	  153  	 7.00000000000000000e+00 	4.57516339869281016e-02 	 2 	 -1.34573374817052968e+03 
 14000000	  142  	 6.00000000000000000e+00 	4.22535211267605626e-02 	 2 	 -1.58364473417350860e+03 
 15000000	  133  	 6.00000000000000000e+00 	4.51127819548872155e-02 	 2 	 -8.50849946055496048e+02 
 16000000	  125  	 7.00000000000000000e+00 	5.60000000000000012e-02 	 2 	 1.91252032579858951e+03 
 17000000	  117  	 7.00000000000000000e+00 	5.98290598290598316e-02 	 2 	 1.71507955984098942e+02 
 18000000	  111  	 6.00000000000000000e+00 	5.40540540540540571e-02 	 2 	 5.98577372467107580e+02 
 19000000	  105  	 6.00000000000000000e+00 	5.71428571428571411e-02 	 2 	 -1.76287298448140950e+03 
 20000000	  100  	 6.00000000000000000e+00 	5.99999999999999978e-02 	 2 	 3.21262187324162142e+02 
 21000000	  95  	 6.00000000000000000e+00 	6.31578947368421073e-02 	 2 	 -2.94549713405739158e+03 
 22000000	  90  	 6.00000000000000000e+00 	6.66666666666666657e-02 	 2 	 -9.10021338625888006e+02 
 23000000	  86  	 6.00000000000000000e+00 	6.97674418604651153e-02 	 2 	 -1.50243456547560322e+03 
 24000000	  83  	 7.00000000000000000e+00 	8.43373493975903554e-02 	 2 	 6.16859370661861522e+03 
 25000000	  80  	 7.00000000000000000e+00 	8.74999999999999944e-02 	 2 	 2.50448467933036181e+03 
 26000000	  76  	 7.00000000000000000e+00 	9.21052631578947317e-02 	 2 	 -2.37516466334631059e+03 
 27000000	  74  	 7.00000000000000000e+00 	9.45945945945945998e-02 	 2 	 2.05610519070770685e+01 
 28000000	  71  	 6.00000000000000000e+00 	8.45070422535211252e-02 	 2 	 -3.31815947457269885e+03 
 29000000	  68  	 6.00000000000000000e+00 	8.82352941176470645e-02 	 2 	 8.75874458964306086e+01 
 30000000	  66  	 6.00000000000000000e+00 	9.09090909090909116e-02 	 2 	 2.04495534801061672e+03 
 31000000	  64  	 6.00000000000000000e+00 	9.37500000000000000e-02 	 2 	 2.30427058184095267e+03 
 32000000	  62  	 7.00000000000000000e+00 	1.12903225806451610e-01 	 2 	 3.26483141874304863e+02 
 33000000	  60  	 7.00000000000000000e+00 	1.16666666666666669e-01 	 2 	 3.53386478664108881e+03 
 34000000	  58  	 6.00000000000000000e+00 	1.03448275862068964e-01 	 2 	 -1.21801458615721140e+03 
 35000000	  57  	 6.00000000000000000e+00 	1.05263157894736836e-01 	 2 	 -3.54080308696621114e+03 
 36000000	  55  	 7.00000000000000000e+00 	1.27272727272727260e-01 	 2 	 -4.76092209885120667e+02 
 37000000	  54  	 6.00000000000000000e+00 	1.11111111111111105e-01 	 2 	 1.13758659616240175e+03 
 38000000	  52  	 6.00000000000000000e+00 	1.15384615384615391e-01 	 2 	 8.46544345050875677e+02 
 39000000	  51  	 7.00000000000000000e+00 	1.37254901960784326e-01 	 2 	 -5.98154620341656369e+02 
 40000000	  50  	 6.00000000000000000e+00 	1.19999999999999996e-01 	 2 	 -6.73822630717449442e+02 
 41000000	  48  	 7.00000000000000000e+00 	1.45833333333333343e-01 	 2 	 1.11530000330248663e+03 
 42000000	  47  	 6.00000000000000000e+00 	1.27659574468085096e-01 	 2 	 9.41888224443373247e+02 
 43000000	  46  	 7.00000000000000000e+00 	1.52173913043478271e-01 	 2 	 8.83621025368414166e+02 
 44000000	  45  	 6.00000000000000000e+00 	1.33333333333333331e-01 	 2 	 -2.33438702982999939e+03 
 45000000	  44  	 6.00000000000000000e+00 	1.36363636363636354e-01 	 2 	 2.96947048319029500e+03 
 46000000	  43  	 6.00000000000000000e+00 	1.39534883720930231e-01 	 2 	 -6.87782142246317380e+03 
 47000000	  42  	 6.00000000000000000e+00 	1.42857142857142849e-01 	 2 	 -9.35450306088341449e+02 
 48000000	  41  	 7.00000000000000000e+00 	1.70731707317073184e-01 	 2 	 -2.17757319843273490e+03 
 49000000	  40  	 6.00000000000000000e+00 	1.49999999999999994e-01 	 2 	 -3.80381746955424842e+03 
 50000000	  40  	 6.00000000000000000e+00 	1.49999999999999994e-01 	 2 	 6.24490509048499689e+02 
 51000000	  39  	 7.00000000000000000e+00 	1.79487179487179488e-01 	 2 	 -5.34740744949160785e+02 
 52000000	  38  	 7.00000000000000000e+00 	1.84210526315789463e-01 	 2 	 3.17884908351821559e+03 
 53000000	  37  	 6.00000000000000000e+00 	1.62162162162162171e-01 	 2 	 4.00868783282930008e+03 
 54000000	  37  	 6.00000000000000000e+00 	1.62162162162162171e-01 	 2 	 -7.09291598387066188e+03 
 55000000	  36  	 6.00000000000000000e+00 	1.66666666666666657e-01 	 2 	 3.19612161584437945e+03 
 56000000	  35  	 6.00000000000000000e+00 	1.71428571428571430e-01 	 2 	 -3.84852735178207013e+03 
 57000000	  35  	 7.00000000000000000e+00 	2.00000000000000011e-01 	 2 	 -2.80422373265838132e+03 
 58000000	  34  	 7.00000000000000000e+00 	2.05882352941176461e-01 	 2 	 3.58491150409445891e+03 
 59000000	  33  	 6.00000000000000000e+00 	1.81818181818181823e-01 	 2 	 -4.64211089260960193e+02 
 60000000	  33  	 6.00000000000000000e+00 	1.81818181818181823e-01 	 2 	 -2.65973570800407288e+03 
 61000000	  32  	 6.00000000000000000e+00 	1.87500000000000000e-01 	 2 	 -3.92422443737908088e+03 
 62000000	  32  	 6.00000000000000000e+00 	1.87500000000000000e-01 	 2 	 -1.78536399732136897e+03 
 63000000	  31  	 6.00000000000000000e+00 	1.93548387096774188e-01 	 2 	 -2.22075177733029204e+03 
 64000000	  31  	 6.00000000000000000e+00 	1.93548387096774188e-01 	 2 	 2.31134465713064355e+03 
 65000000	  30  	 6.00000000000000000e+00 	2.00000000000000011e-01 	 2 	 1.39795269043636813e+03 
 66000000	  30  	 6.00000000000000000e+00 	2.00000000000000011e-01 	 2 	 2.32975252019284881e+03 
 67000000	  29  	 6.00000000000000000e+00 	2.06896551724137928e-01 	 2 	 -4.26215033461153507e+03 
 68000000	  29  	 6.00000000000000000e+00 	2.06896551724137928e-01 	 2 	 -2.20742465014995787e+03 
 69000000	  28  	 6.00000000000000000e+00 	2.14285714285714274e-01 	 2 	 -3.17211355950341101e+02 
 70000000	  28  	 6.00000000000000000e+00 	2.14285714285714274e-01 	 2 	 -1.30877441650233527e+03 
 71000000	  28  	 7.00000000000000000e+00 	2.50000000000000000e-01 	 2 	 7.74544455917547339e+01 
 72000000	  27  	 6.00000000000000000e+00 	2.22222222222222210e-01 	 2 	 -6.51646281005564106e+03 
 73000000	  27  	 6.00000000000000000e+00 	2.22222222222222210e-01 	 2 	 -7.23006263705838478e+02 
 74000000	  27  	 7.00000000000000000e+00 	2.59259259259259245e-01 	 2 	 1.36183746034414276e+03 
 75000000	  26  	 6.00000000000000000e+00 	2.30769230769230782e-01 	 2 	 -1.27494949173229088e+03 
 76000000	  26  	 6.00000000000000000e+00 	2.30769230769230782e-01 	 2 	 -1.98806671091625412e+03 
 77000000	  25  	 6.00000000000000000e+00 	2.39999999999999991e-01 	 2 	 -1.62576657428372346e+03 
 78000000	  25  	 6.00000000000000000e+00 	2.39999999999999991e-01 	 2 	 -6.58693606111813187e+03 
 79000000	  25  	 7.00000000000000000e+00 	2.80000000000000027e-01 	 2 	 -5.53108009926037880e+02 
 80000000	  25  	 6.00000000000000000e+00 	2.39999999999999991e-01 	 2 	 4.89067517500365011e+03 
 1000000	  2000  	 7.00000000000000000e+00 	3.50000000000000007e-03 	 2 	 5.92840587990301856e+02 
 2000000	  1000  	 7.00000000000000000e+00 	7.00000000000000015e-03 	 2 	 7.81555693424667197e+01 
 3000000	  666  	 6.00000000000000000e+00 	9.00900900900900893e-03 	 2 	 1.10699220455266868e+03 
 4000000	  500  	 6.00000000000000000e+00 	1.20000000000000002e-02 	 2 	 5.67404636647442828e+00 
 5000000	  400  	 6.00000000000000000e+00 	1.49999999999999994e-02 	 2 	 -3.56809757577470805e+02 
 6000000	  333  	 7.00000000000000000e+00 	2.10210210210210226e-02 	 2 	 -7.57780013834707574e+02 
 7000000	  285  	 6.00000000000000000e+00 	2.10526315789473679e-02 	 2 	 -1.23393816287142599e+02 
 8000000	  250  	 6.00000000000000000e+00 	2.40000000000000005e-02 	 2 	 6.17118447569206182e+02 
 9000000	  222  	 6.00000000000000000e+00 	2.70270270270270285e-02 	 2 	 -1.25705522192387798e+03 
 10000000	  200  	 6.00000000000000000e+00 	2.99999999999999989e-02 	 2 	 -1.19001526292449080e+03 
 11000000	  181  	 6.00000000000000000e+00 	3.31491712707182307e-02 	 2 	 1.72549873312208433e+03 
 12000000	  166  	 6.00000000000000000e+00 	3.61445783132530105e-02 	 2 	 8.91678426567979159e+02 
 13000000	  153  	 7.00000000000000000e+00 	4.57516339869281016e-02 	 2 	 -1.34573374817052968e+03 
 14000000	  142  	 6.00000000000000000e+00 	4.22535211267605626e-02 	 2 	 -1.58364473417350860e+03 
 15000000	  133  	 6.00000000000000000e+00 	4.51127819548872155e-02 	 2 	 -8.50849946055496048e+02 
 16000000	  125  	 6.00000000000000000e+00 	4.80000000000000010e-02 	 2 	 1.91252032579858951e+03 
 17000000	  117  	 5.00000000000000000e+00 	4.27350427350427359e-02 	 2 	 1.71507955984098942e+02 
 18000000	  111  	 6.00000000000000000e+00 	5.40540540540540571e-02 	 2 	 5.98577372467107580e+02 
 19000000	  105  	 7.00000000000000000e+00 	6.66666666666666657e-02 	 2 	 -1.76287298448140950e+03 
 20000000	  100  	 6.00000000000000000e+00 	5.99999999999999978e-02 	 2 	 3.21262187324162142e+02 
 21000000	  95  	 6.00000000000000000e+00 	6.31578947368421073e-02 	 2 	 -2.94549713405739158e+03 
 22000000	  90  	 6.00000000000000000e+00 	6.66666666666666657e-02 	 2 	 -9.10021338625888006e+02 
 23000000	  86  	 5.00000000000000000e+00 	5.81395348837209294e-02 	 2 	 -1.50243456547560322e+03 
 24000000	  83  	 6.00000000000000000e+00 	7.22891566265060209e-02 	 2 	 6.16859370661861522e+03 
 25000000	  80  	 6.00000000000000000e+00 	7.49999999999999972e-02 	 2 	 2.50448467933036181e+03 
 26000000	  76  	 5.00000000000000000e+00 	6.57894736842105227e-02 	 2 	 -2.37516466334631059e+03 
 27000000	  74  	 6.00000000000000000e+00 	8.10810810810810856e-02 	 2 	 2.05610519070770685e+01 
 28000000	  71  	 6.00000000000000000e+00 	8.45070422535211252e-02 	 2 	 -3.31815947457269885e+03 
 29000000	  68  	 6.00000000000000000e+00 	8.82352941176470645e-02 	 2 	 8.75874458964306086e+01 
 30000000	  66  	 6.00000000000000000e+00 	9.09090909090909116e-02 	 2 	 2.04495534801061672e+03 
 31000000	  64  	 6.00000000000000000e+00 	9.37500000000000000e-02 	 2 	 2.30427058184095267e+03 
 32000000	  62  	 5.00000000000000000e+00 	8.06451612903225784e-02 	 2 	 3.26483141874304863e+02 
 33000000	  60  	 6.00000000000000000e+00 	1.00000000000000006e-01 	 2 	 3.53386478664108881e+03 
 34000000	  58  	 6.00000000000000000e+00 	1.03448275862068964e-01 	 2 	 -1.21801458615721140e+03 
 35000000	  57  	 6.00000000000000000e+00 	1.05263157894736836e-01 	 2 	 -3.54080308696621114e+03 
 36000000	  55  	 6.00000000000000000e+00 	1.09090909090909086e-01 	 2 	 -4.76092209885120667e+02 
 37000000	  54  	 6.00000000000000000e+00 	1.11111111111111105e-01 	 2 	 1.13758659616240175e+03 
 38000000	  52  	 6.00000000000000000e+00 	1.15384615384615391e-01 	 2 	 8.46544345050875677e+02 
 39000000	  51  	 6.00000000000000000e+00 	1.17647058823529410e-01 	 2 	 -5.98154620341656369e+02 
 40000000	  50  	 6.00000000000000000e+00 	1.19999999999999996e-01 	 2 	 -6.73822630717449442e+02 
 41000000	  48  	 6.00000000000000000e+00 	1.25000000000000000e-01 	 2 	 1.11530000330248663e+03 
 42000000	  47  	 6.00000000000000000e+00 	1.27659574468085096e-01 	 2 	 9.41888224443373247e+02 
 43000000	  46  	 5.00000000000000000e+00 	1.08695652173913040e-01 	 2 	 8.83621025368414166e+02 
 44000000	  45  	 6.00000000000000000e+00 	1.33333333333333331e-01 	 2 	 -2.33438702982999939e+03 
 45000000	  44  	 6.00000000000000000e+00 	1.36363636363636354e-01 	 2 	 2.96947048319029500e+03 
 46000000	  43  	 6.00000000000000000e+00 	1.39534883720930231e-01 	 2 	 -6.87782142246317380e+03 
 47000000	  42  	 6.00000000000000000e+00 	1.42857142857142849e-01 	 2 	 -9.35450306088341449e+02 
 48000000	  41  	 6.00000000000000000e+00 	1.46341463414634138e-01 	 2 	 -2.17757319843273490e+03 
 49000000	  40  	 6.00000000000000000e+00 	1.49999999999999994e-01 	 2 	 -3.80381746955424842e+03 
 50000000	  40  	 5.00000000000000000e+00 	1.25000000000000000e-01 	 2 	 6.24490509048499689e+02 
 51000000	  39  	 6.00000000000000000e+00 	1.53846153846153855e-01 	 2 	 -5.34740744949160785e+02 
 52000000	  38  	 6.00000000000000000e+00 	1.57894736842105254e-01 	 2 	 3.17884908351821559e+03 
 53000000	  37  	 6.00000000000000000e+00 	1.62162162162162171e-01 	 2 	 4.00868783282930008e+03 
 54000000	  37  	 5.00000000000000000e+00 	1.35135135135135143e-01 	 2 	 -7.09291598387066188e+03 
 55000000	  36  	 6.00000000000000000e+00 	1.66666666666666657e-01 	 2 	 3.19612161584437945e+03 
 56000000	  35  	 5.00000000000000000e+00 	1.42857142857142849e-01 	 2 	 -3.84852735178207013e+03 
 57000000	  35  	 6.00000000000000000e+00 	1.71428571428571430e-01 	 2 	 -2.80422373265838132e+03 
 58000000	  34  	 5.00000000000000000e+00 	1.47058823529411770e-01 	 2 	 3.58491150409445891e+03 
 59000000	  33  	 6.00000000000000000e+00 	1.81818181818181823e-01 	 2 	 -4.64211089260960193e+02 
 60000000	  33  	 6.00000000000000000e+00 	1.81818181818181823e-01 	 2 	 -2.65973570800407288e+03 
 61000000	  32  	 6.00000000000000000e+00 	1.87500000000000000e-01 	 2 	 -3.92422443737908088e+03 
 62000000	  32  	 5.00000000000000000e+00 	1.56250000000000000e-01 	 2 	 -1.78536399732136897e+03 
 63000000	  31  	 6.00000000000000000e+00 	1.93548387096774188e-01 	 2 	 -2.22075177733029204e+03 
 64000000	  31  	 6.00000000000000000e+00 	1.93548387096774188e-01 	 2 	 2.31134465713064355e+03 
 65000000	  30  	 6.00000000000000000e+00 	2.00000000000000011e-01 	 2 	 1.39795269043636813e+03 
 66000000	  30  	 6.00000000000000000e+00 	2.00000000000000011e-01 	 2 	 2.32975252019284881e+03 
 67000000	  29  	 5.00000000000000000e+00 	1.72413793103448287e-01 	 2 	 -4.26215033461153507e+03 
 68000000	  29  	 6.00000000000000000e+00 	2.06896551724137928e-01 	 2 	 -2.20742465014995787e+03 
 69000000	  28  	 6.00000000000000000e+00 	2.14285714285714274e-01 	 2 	 -3.17211355950341101e+02 
 70000000	  28  	 5.00000000000000000e+00 	1.78571428571428575e-01 	 2 	 -1.30877441650233527e+03 
 71000000	  28  	 6.00000000000000000e+00 	2.14285714285714274e-01 	 2 	 7.74544455917547339e+01 
 72000000	  27  	 6.00000000000000000e+00 	2.22222222222222210e-01 	 2 	 -6.51646281005564106e+03 
 73000000	  27  	 6.00000000000000000e+00 	2.22222222222222210e-01 	 2 	 -7.23006263705838478e+02 
 74000000	  27  	 6.00000000000000000e+00 	2.22222222222222210e-01 	 2 	 1.36183746034414276e+03 
 75000000	  26  	 5.00000000000000000e+00 	1.92307692307692318e-01 	 2 	 -1.27494949173229088e+03 
 76000000	  26  	 5.00000000000000000e+00 	1.92307692307692318e-01 	 2 	 -1.98806671091625412e+03 
 77000000	  25  	 5.00000000000000000e+00 	2.00000000000000011e-01 	 2 	 -1.62576657428372346e+03 
 78000000	  25  	 6.00000000000000000e+00 	2.39999999999999991e-01 	 2 	 -6.58693606111813187e+03 
 79000000	  25  	 6.00000000000000000e+00 	2.39999999999999991e-01 	 2 	 -5.53108009926037880e+02 
 80000000	  25  	 6.00000000000000000e+00 	2.39999999999999991e-01 	 2 	 4.89067517500365011e+03 
 1000000	  2000  	 1.00000000000000000e+00 	5.00000000000000010e-04 	 16 	 -8.38118510144139236e+02 
 2000000	  1000  	 2.00000000000000000e+00 	2.00000000000000004e-03 	 16 	 2.28491817657446154e+03 
 3000000	  666  	 1.00000000000000000e+00 	1.50150150150150149e-03 	 16 	 -1.69722829805337324e+03 
 4000000	  500  	 1.00000000000000000e+00 	2.00000000000000004e-03 	 16 	 2.17897633071279142e+03 
 5000000	  400  	 1.00000000000000000e+00 	2.50000000000000005e-03 	 16 	 -4.92115645685818345e+03 
 6000000	  333  	 1.00000000000000000e+00 	3.00300300300300298e-03 	 16 	 7.59362033634630279e+02 
 7000000	  285  	 1.00000000000000000e+00 	3.50877192982456147e-03 	 16 	 3.34008016422348828e+03 
 8000000	  250  	 1.00000000000000000e+00 	4.00000000000000008e-03 	 16 	 6.05889937117098270e+03 
 9000000	  222  	 1.00000000000000000e+00 	4.50450450450450447e-03 	 16 	 -5.41033416543561907e+03 
 10000000	  200  	 1.00000000000000000e+00 	5.00000000000000010e-03 	 16 	 -1.71192562303986097e+03 
 11000000	  181  	 1.00000000000000000e+00 	5.52486187845303844e-03 	 16 	 -4.27184525106869478e+03 
 12000000	  166  	 2.00000000000000000e+00 	1.20481927710843380e-02 	 16 	 3.10543932871094648e+03 
 13000000	  153  	 1.00000000000000000e+00 	6.53594771241830085e-03 	 16 	 2.48193855800391202e+03 
 14000000	  142  	 1.00000000000000000e+00 	7.04225352112676072e-03 	 16 	 3.51796340949182331e+03 
 15000000	  133  	 1.00000000000000000e+00 	7.51879699248120259e-03 	 16 	 -1.91706429391195525e+03 
 16000000	  125  	 1.00000000000000000e+00 	8.00000000000000017e-03 	 16 	 -2.93849574194388060e+03 
 17000000	  117  	 1.00000000000000000e+00 	8.54700854700854787e-03 	 16 	 4.75024331131734129e+02 
 18000000	  111  	 2.00000000000000000e+00 	1.80180180180180179e-02 	 16 	 2.47351265598761529e+03 
 19000000	  105  	 1.00000000000000000e+00 	9.52380952380952467e-03 	 16 	 -5.18435842363029224e+03 
 20000000	  100  	 1.00000000000000000e+00 	1.00000000000000002e-02 	 16 	 -3.32716053164242851e+02 
 21000000	  95  	 2.00000000000000000e+00 	2.10526315789473679e-02 	 16 	 -5.41766118231665951e+03 
 22000000	  90  	 1.00000000000000000e+00 	1.11111111111111115e-02 	 16 	 4.17525522159255706e+03 
 23000000	  86  	 1.00000000000000000e+00 	1.16279069767441859e-02 	 16 	 7.60547296084360187e+03 
 24000000	  83  	 1.00000000000000000e+00 	1.20481927710843380e-02 	 16 	 -1.36006495959680269e+04 
 25000000	  80  	 1.00000000000000000e+00 	1.25000000000000007e-02 	 16 	 -9.82532648214870960e+02 
 26000000	  76  	 2.00000000000000000e+00 	2.63157894736842091e-02 	 16 	 -6.10264530704816480e+03 
 27000000	  74  	 1.00000000000000000e+00 	1.35135135135135143e-02 	 16 	 -1.17109409725900628e+03 
 28000000	  71  	 1.00000000000000000e+00 	1.40845070422535214e-02 	 16 	 -2.70371146662537831e+03 
 29000000	  68  	 1.00000000000000000e+00 	1.47058823529411763e-02 	 16 	 -9.50780452287127787e+02 
 30000000	  66  	 2.00000000000000000e+00 	3.03030303030303039e-02 	 16 	 -6.84891442988577091e+03 
 31000000	  64  	 1.00000000000000000e+00 	1.56250000000000000e-02 	 16 	 -8.91270735432853326e+03 
 32000000	  62  	 1.00000000000000000e+00 	1.61290322580645157e-02 	 16 	 4.90881339511510589e+02 
 33000000	  60  	 1.00000000000000000e+00 	1.66666666666666664e-02 	 16 	 -7.33652576015534760e+03 
 34000000	  58  	 1.00000000000000000e+00 	1.72413793103448273e-02 	 16 	 -7.18026311557140980e+03 
 35000000	  57  	 1.00000000000000000e+00 	1.75438596491228060e-02 	 16 	 8.97636624964932889e+03 
 36000000	  55  	 1.00000000000000000e+00 	1.81818181818181809e-02 	 16 	 -2.18869933317096365e+03 
 37000000	  54  	 1.00000000000000000e+00 	1.85185185185185175e-02 	 16 	 -1.59213784144757756e+03 
 38000000	  52  	 1.00000000000000000e+00 	1.92307692307692318e-02 	 16 	 9.02595399033236936e+03 
 39000000	  51  	 2.00000000000000000e+00 	3.92156862745098034e-02 	 16 	 -1.08124955170343910e+04 
 40000000	  50  	 1.00000000000000000e+00 	2.00000000000000004e-02 	 16 	 1.63972978986511298e+04 
 41000000	  48  	 1.00000000000000000e+00 	2.08333333333333322e-02 	 16 	 2.90670917160812905e+03 
 42000000	  47  	 1.00000000000000000e+00 	2.12765957446808505e-02 	 16 	 -9.00116486158272710e+03 
 43000000	  46  	 1.00000000000000000e+00 	2.17391304347826081e-02 	 16 	 -9.41888500052458403e+03 
 44000000	  45  	 1.00000000000000000e+00 	2.22222222222222231e-02 	 16 	 -2.57673141136776212e+03 
 45000000	  44  	 1.00000000000000000e+00 	2.27272727272727279e-02 	 16 	 8.03541045988245241e+03 
 46000000	  43  	 1.00000000000000000e+00 	2.32558139534883718e-02 	 16 	 5.93031882231345435e+02 
 47000000	  42  	 2.00000000000000000e+00 	4.76190476190476164e-02 	 16 	 -3.28229878755100071e+03 
 48000000	  41  	 1.00000000000000000e+00 	2.43902439024390252e-02 	 16 	 -8.50136735439954282e+03 
 49000000	  40  	 1.00000000000000000e+00 	2.50000000000000014e-02 	 16 	 -5.70563332975783669e+03 
 50000000	  40  	 1.00000000000000000e+00 	2.50000000000000014e-02 	 16 	 -6.23614693973044041e+02 
 51000000	  39  	 1.00000000000000000e+00 	2.56410256410256401e-02 	 16 	 -1.81102118170327299e+03 
 52000000	  38  	 1.00000000000000000e+00 	2.63157894736842091e-02 	 16 	 -7.84690775805036810e+03 
 53000000	  37  	 1.00000000000000000e+00 	2.70270270270270285e-02 	 16 	 -3.99570836067912023e+03 
 54000000	  37  	 1.00000000000000000e+00 	2.70270270270270285e-02 	 16 	 2.53295343535487291e+03 
 55000000	  36  	 1.00000000000000000e+00 	2.77777777777777762e-02 	 16 	 -1.17446517667209264e+03 
 56000000	  35  	 1.00000000000000000e+00 	2.85714285714285705e-02 	 16 	 8.41780818062728031e+03 
 57000000	  35  	 1.00000000000000000e+00 	2.85714285714285705e-02 	 16 	 -1.65117615304322726e+03 
 58000000	  34  	 2.00000000000000000e+00 	5.88235294117647051e-02 	 16 	 -7.81530071851516641e+03 
 59000000	  33  	 1.00000000000000000e+00 	3.03030303030303039e-02 	 16 	 1.99285191465516800e+04 
 60000000	  33  	 1.00000000000000000e+00 	3.03030303030303039e-02 	 16 	 3.78299908430272808e+03 
 61000000	  32  	 1.00000000000000000e+00 	3.12500000000000000e-02 	 16 	 3.02064011115629046e+03 
 62000000	  32  	 1.00000000000000000e+00 	3.12500000000000000e-02 	 16 	 5.92263882503443824e+02 
 63000000	  31  	 1.00000000000000000e+00 	3.22580645161290314e-02 	 16 	 9.90999416371659390e+03 
 64000000	  31  	 1.00000000000000000e+00 	3.22580645161290314e-02 	 16 	 -1.33898276144583838e+03 
 65000000	  30  	 1.00000000000000000e+00 	3.33333333333333329e-02 	 16 	 1.91074297490920071e+04 
 66000000	  30  	 1.00000000000000000e+00 	3.33333333333333329e-02 	 16 	 -8.77728068921832710e+03 
 67000000	  29  	 1.00000000000000000e+00 	3.44827586206896547e-02 	 16 	 -5.65153006960674156e+03 
 68000000	  29  	 2.00000000000000000e+00 	6.89655172413793094e-02 	 16 	 7.85868260792544561e+02 
 69000000	  28  	 1.00000000000000000e+00 	3.57142857142857123e-02 	 16 	 3.68913282911586975e+03 
 70000000	  28  	 1.00000000000000000e+00 	3.57142857142857123e-02 	 16 	 -1.21475243052953228e+04 
 71000000	  28  	 2.00000000000000000e+00 	7.14285714285714246e-02 	 16 	 5.97321971013919665e+03 
 72000000	  27  	 1.00000000000000000e+00 	3.70370370370370350e-02 	 16 	 2.53853867564864377e+04 
 73000000	  27  	 1.00000000000000000e+00 	3.70370370370370350e-02 	 16 	 -2.61660423871828207e+04 
 74000000	  27  	 1.00000000000000000e+00 	3.70370370370370350e-02 	 16 	 7.37692103211250560e+03 
 75000000	  26  	 1.00000000000000000e+00 	3.84615384615384637e-02 	 16 	 -2.27400644066065870e+04 
 76000000	  26  	 1.00000000000000000e+00 	3.84615384615384637e-02 	 16 	 -6.46880704986826095e+03 
 77000000	  25  	 1.00000000000000000e+00 	4.00000000000000008e-02 	 16 	 1.57322436377558734e+04 
 78000000	  25  	 1.00000000000000000e+00 	4.00000000000000008e-02 	 16 	 7.84584339835736591e+03 
 79000000	  25  	 1.00000000000000000e+00 	4.00000000000000008e-02 	 16 	 7.43538662047501566e+03 
 80000000	  25  	 1.00000000000000000e+00 	4.00000000000000008e-02 	 16 	 -5.44901967706498635e+03 
 1000000	  2000  	 2.00000000000000000e+00 	1.00000000000000002e-03 	 8 	 -2.33183698343375227e+03 
 2000000	  1000  	 2.00000000000000000e+00 	2.00000000000000004e-03 	 8 	 5.18242172894343298e+02 
 3000000	  666  	 3.00000000000000000e+00 	4.50450450450450447e-03 	 8 	 6.10437304614611548e+02 
 4000000	  500  	 2.00000000000000000e+00 	4.00000000000000008e-03 	 8 	 -1.26463118086850795e+03 
 5000000	  400  	 2.00000000000000000e+00 	5.00000000000000010e-03 	 8 	 2.24309469803991988e+03 
 6000000	  333  	 2.00000000000000000e+00 	6.00600600600600595e-03 	 8 	 8.22907152307791080e+02 
 7000000	  285  	 3.00000000000000000e+00 	1.05263157894736840e-02 	 8 	 6.34710704879146078e+02 
 8000000	  250  	 2.00000000000000000e+00 	8.00000000000000017e-03 	 8 	 5.43657865672323260e+03 
 9000000	  222  	 2.00000000000000000e+00 	9.00900900900900893e-03 	 8 	 -4.74986268138939704e+03 
 10000000	  200  	 2.00000000000000000e+00 	1.00000000000000002e-02 	 8 	 3.56427737332073411e+03 
 11000000	  181  	 3.00000000000000000e+00 	1.65745856353591153e-02 	 8 	 1.62546507657715824e+03 
 12000000	  166  	 2.00000000000000000e+00 	1.20481927710843380e-02 	 8 	 3.00323727498741619e+03 
 13000000	  153  	 2.00000000000000000e+00 	1.30718954248366017e-02 	 8 	 -3.51306755004244394e+02 
 14000000	  142  	 2.00000000000000000e+00 	1.40845070422535214e-02 	 8 	 -5.55870926368488085e+02 
 15000000	  133  	 2.00000000000000000e+00 	1.50375939849624052e-02 	 8 	 -4.14857532429052526e+02 
 16000000	  125  	 2.00000000000000000e+00 	1.60000000000000003e-02 	 8 	 1.33753779678532965e+03 
 17000000	  117  	 2.00000000000000000e+00 	1.70940170940170957e-02 	 8 	 -3.49244199887472723e+03 
 18000000	  111  	 3.00000000000000000e+00 	2.70270270270270285e-02 	 8 	 2.65243558764285672e+03 
 19000000	  105  	 2.00000000000000000e+00 	1.90476190476190493e-02 	 8 	 9.38769463398247922e+02 
 20000000	  100  	 2.00000000000000000e+00 	2.00000000000000004e-02 	 8 	 -7.53523876422152898e+03 
 21000000	  95  	 3.00000000000000000e+00 	3.15789473684210537e-02 	 8 	 -4.20591874379437832e+03 
 22000000	  90  	 2.00000000000000000e+00 	2.22222222222222231e-02 	 8 	 -1.12572472204832729e+03 
 23000000	  86  	 2.00000000000000000e+00 	2.32558139534883718e-02 	 8 	 4.05369332535971921e+02 
 24000000	  83  	 3.00000000000000000e+00 	3.61445783132530105e-02 	 8 	 1.59652208142070947e+02 
 25000000	  80  	 2.00000000000000000e+00 	2.50000000000000014e-02 	 8 	 7.54536371248982078e+01 
 26000000	  76  	 2.00000000000000000e+00 	2.63157894736842091e-02 	 8 	 -6.18137539999535693e+03 
 27000000	  74  	 3.00000000000000000e+00 	4.05405405405405428e-02 	 8 	 5.44359021388410653e+01 
 28000000	  71  	 2.00000000000000000e+00 	2.81690140845070429e-02 	 8 	 -2.77136171960073261e+03 
 29000000	  68  	 2.00000000000000000e+00 	2.94117647058823525e-02 	 8 	 8.51950888755538784e+01 
 30000000	  66  	 2.00000000000000000e+00 	3.03030303030303039e-02 	 8 	 5.56367063682479056e+03 
 31000000	  64  	 2.00000000000000000e+00 	3.12500000000000000e-02 	 8 	 5.57508662378435702e+02 
 32000000	  62  	 3.00000000000000000e+00 	4.83870967741935470e-02 	 8 	 1.67438303769410186e+03 
 33000000	  60  	 2.00000000000000000e+00 	3.33333333333333329e-02 	 8 	 -6.56073111043037079e+03 
 34000000	  58  	 2.00000000000000000e+00 	3.44827586206896547e-02 	 8 	 -7.26212665407567329e+03 
 35000000	  57  	 2.00000000000000000e+00 	3.50877192982456121e-02 	 8 	 6.27270900533103213e+03 
 36000000	  55  	 2.00000000000000000e+00 	3.63636363636363619e-02 	 8 	 4.65319708934648497e+03 
 37000000	  54  	 3.00000000000000000e+00 	5.55555555555555525e-02 	 8 	 -2.58191261960808617e+02 
 38000000	  52  	 2.00000000000000000e+00 	3.84615384615384637e-02 	 8 	 -1.23964418203030391e+03 
 39000000	  51  	 2.00000000000000000e+00 	3.92156862745098034e-02 	 8 	 -4.67607747094359274e+03 
 40000000	  50  	 2.00000000000000000e+00 	4.00000000000000008e-02 	 8 	 5.73319454541257801e+03 
 41000000	  48  	 2.00000000000000000e+00 	4.16666666666666644e-02 	 8 	 1.45959181599041972e+03 
 42000000	  47  	 2.00000000000000000e+00 	4.25531914893617011e-02 	 8 	 9.48254439664479287e+03 
 43000000	  46  	 2.00000000000000000e+00 	4.34782608695652162e-02 	 8 	 2.60960305643197034e+03 
 44000000	  45  	 2.00000000000000000e+00 	4.44444444444444461e-02 	 8 	 1.61232034260653177e+03 
 45000000	  44  	 2.00000000000000000e+00 	4.54545454545454558e-02 	 8 	 -5.53808455940114345e+03 
 46000000	  43  	 2.00000000000000000e+00 	4.65116279069767435e-02 	 8 	 -2.16201938175310397e+03 
 47000000	  42  	 2.00000000000000000e+00 	4.76190476190476164e-02 	 8 	 1.39326015826447365e+04 
 48000000	  41  	 3.00000000000000000e+00 	7.31707317073170688e-02 	 8 	 2.97611008162524695e+03 
 49000000	  40  	 2.00000000000000000e+00 	5.00000000000000028e-02 	 8 	 1.56435958538051455e+03 
 50000000	  40  	 3.00000000000000000e+00 	7.49999999999999972e-02 	 8 	 4.76233956687528735e+03 
 51000000	  39  	 2.00000000000000000e+00 	5.12820512820512803e-02 	 8 	 4.28551058325084705e+03 
 52000000	  38  	 2.00000000000000000e+00 	5.26315789473684181e-02 	 8 	 2.36002711073043565e+03 
 53000000	  37  	 2.00000000000000000e+00 	5.40540540540540571e-02 	 8 	 1.49026151100743064e+04 
 54000000	  37  	 2.00000000000000000e+00 	5.40540540540540571e-02 	 8 	 -2.11212149620868013e+03 
 55000000	  36  	 2.00000000000000000e+00 	5.55555555555555525e-02 	 8 	 2.64803536829713357e+03 
 56000000	  35  	 2.00000000000000000e+00 	5.71428571428571411e-02 	 8 	 7.93685090439833493e+03 
 57000000	  35  	 2.00000000000000000e+00 	5.71428571428571411e-02 	 8 	 6.61801816598790356e+03 
 58000000	  34  	 2.00000000000000000e+00 	5.88235294117647051e-02 	 8 	 -2.77524052668150307e+03 
 59000000	  33  	 2.00000000000000000e+00 	6.06060606060606077e-02 	 8 	 1.25581015354316096e+04 
 60000000	  33  	 2.00000000000000000e+00 	6.06060606060606077e-02 	 8 	 3.00873863913676087e+03 
 61000000	  32  	 3.00000000000000000e+00 	9.37500000000000000e-02 	 8 	 5.95305269079921345e+03 
 62000000	  32  	 2.00000000000000000e+00 	6.25000000000000000e-02 	 8 	 -5.06263608485402165e+03 
 63000000	  31  	 2.00000000000000000e+00 	6.45161290322580627e-02 	 8 	 -7.70788238388455648e+03 
 64000000	  31  	 2.00000000000000000e+00 	6.45161290322580627e-02 	 8 	 -5.13042379642325523e+03 
 65000000	  30  	 2.00000000000000000e+00 	6.66666666666666657e-02 	 8 	 -9.81044685107290570e+03 
 66000000	  30  	 3.00000000000000000e+00 	1.00000000000000006e-01 	 8 	 5.30767617271798190e+03 
 67000000	  29  	 2.00000000000000000e+00 	6.89655172413793094e-02 	 8 	 1.36387273858316403e+04 
 68000000	  29  	 2.00000000000000000e+00 	6.89655172413793094e-02 	 8 	 -9.45668947616243895e+03 
 69000000	  28  	 2.00000000000000000e+00 	7.14285714285714246e-02 	 8 	 8.61245373275683596e+03 
 70000000	  28  	 2.00000000000000000e+00 	7.14285714285714246e-02 	 8 	 4.27934427452178352e+03 
 71000000	  28  	 2.00000000000000000e+00 	7.14285714285714246e-02 	 8 	 6.06875138107025032e+03 
 72000000	  27  	 2.00000000000000000e+00 	7.40740740740740700e-02 	 8 	 -5.51048050678632990e+02 
 73000000	  27  	 2.00000000000000000e+00 	7.40740740740740700e-02 	 8 	 5.15541267566793704e+03 
 74000000	  27  	 3.00000000000000000e+00 	1.11111111111111105e-01 	 8 	 -2.85324787005841654e+03 
 75000000	  26  	 2.00000000000000000e+00 	7.69230769230769273e-02 	 8 	 -1.59135169612036293e+03 
 76000000	  26  	 2.00000000000000000e+00 	7.69230769230769273e-02 	 8 	 6.71689172186744236e+03 
 77000000	  25  	 3.00000000000000000e+00 	1.19999999999999996e-01 	 8 	 2.89033816848740616e+03 
 78000000	  25  	 2.00000000000000000e+00 	8.00000000000000017e-02 	 8 	 -6.71961443839394815e+03 
 79000000	  25  	 2.00000000000000000e+00 	8.00000000000000017e-02 	 8 	 -4.55339900338274128e+03 
 80000000	  25  	 2.00000000000000000e+00 	8.00000000000000017e-02 	 8 	 -2.61543289227197374e+03 
